##G Major Scale - G, A, B, C, D, E , F# - NOTES
G2-G6
0 55 57 59 60 62 64 66 67 69 71 72 74 76 
78 79 81 83 84 86 88 90 91 93 95 96 98 100 102 103

G Major Bass - G Major Bass 
G1-G3 
0, 43, 45, 47, 48, 50, 53, 54, 55, 57, 59, 60, 62, 64, 66, 67


##Bm Scale - B, C#, D, E, F#, G, A - NOTES
B2-B6
0, 59, 61, 62, 64, 66, 67, 69, 71, 73, 74, 76, 78, 79, 81, 83, 85, 
86, 88, 90, 91, 93, 95, 97, 98, 100, 102, 103, 105, 107, 

Bm Bass - 
B1-B3
0, 47, 49, 50, 52, 54, 55, 57, 59, 61, 62, 64, 66, 67, 69, 71


##Cmajor - C, D, E, F, G, A, B - NOTES
C2-C6
0, 48, 50, 52, 53, 55, 57, 59, 60, 62, 64, 65, 67, 69, 71, 72,
74, 76, 77, 79, 81, 83, 84, 86, 88, 89, 91, 93, 95, 96

CmajorBass 
0 36 38 40 41 43 45 47 48 50 52 53 55 57 59 60

